5.057600140571594238e-01
1.555855274200439453e+00
2.667681694030761719e+00
3.856279850006103516e+00
5.140361309051513672e+00
6.543033599853515625e+00
8.092518806457519531e+00
9.822750091552734375e+00
1.177367973327636719e+01
1.399103832244873047e+01
1.652532196044921875e+01
1.942980194091796875e+01
2.275761604309082031e+01
2.655830001831054688e+01
3.087456130981445312e+01
3.574020385742187500e+01
4.118002319335937500e+01
4.721189498901367188e+01
5.385063552856445312e+01
6.111283874511718750e+01
6.902168273925781250e+01
7.761116027832031250e+01
8.692942810058593750e+01
9.704131317138671875e+01
1.080302810668945312e+02
1.200000000000000000e+02
1.330758209228515625e+02
1.474062500000000000e+02
1.631644592285156250e+02
1.805499267578125000e+02
1.997899627685546875e+02
2.211411743164062500e+02
2.448906250000000000e+02
2.713563842773437500e+02
3.008875122070312500e+02
3.338628234863281250e+02
3.706884765625000000e+02
4.117938537597656250e+02
4.576256103515625000e+02
5.086398925781250000e+02
5.652922973632812500e+02
6.280260009765625000e+02
6.972586669921875000e+02
7.733682861328125000e+02
8.566789550781250000e+02
9.474478759765625000e+02
1.045854248046875000e+03