-1.674919172973632840e+03
-1.648079783020019704e+03
-1.621210402908325250e+03
-1.594311456527710106e+03
-1.567383473739624151e+03
-1.540426772460937627e+03
-1.513441988525390798e+03
-1.486429333877563522e+03
-1.459389444351196289e+03
-1.432322743835449273e+03
-1.405229656219482422e+03
-1.378110711364746066e+03
-1.350966333160400382e+03
-1.323797051467895471e+03
-1.296603184204101581e+03
-1.269385367202758744e+03
-1.242144024353027362e+03
-1.214879579544067383e+03
-1.187592668609619295e+03
-1.160283503494262732e+03
-1.132952826004028339e+03
-1.105601060028076290e+03
-1.078228629455566534e+03
-1.050836064147949173e+03
-1.023423893966674882e+03
-9.959925428009033794e+02
-9.685425405120849973e+02
-9.410743109893799101e+02
-9.135884900665283794e+02
-8.860855546188354310e+02
-8.585659285354614667e+02
-8.310301416778564771e+02
-8.034787239074706804e+02
-7.759121520996094432e+02
-7.483309561157226426e+02
-7.207356658172607240e+02
-6.931267580795288268e+02
-6.655047627639770553e+02
-6.378702097320557414e+02
-6.102235758590697969e+02
-5.825653910064697811e+02
-5.548961320495606060e+02
-5.272164348220825332e+02
-4.995267232131957940e+02
-4.718275270843506064e+02
-4.441193762969970749e+02
-4.164028272056579567e+02
-3.886783566856384482e+02
-3.609464945983887105e+02
-3.332077708053589049e+02
-3.054627416610717887e+02
-2.777118840408325582e+02
-2.499557542991638286e+02
-2.221948822975158748e+02
-1.944297714042663756e+02
-1.666609647274017334e+02
-1.388889788818359534e+02
-1.111143569755554239e+02
-8.333762224674225649e+01
-5.555929462194443147e+01
-2.777991224169731410e+01
0.000000000000000000e+00
2.777991224169731410e+01
5.555929462194443147e+01
8.333762224674225649e+01
1.111143569755554239e+02
1.388889788818359534e+02
1.666609647274017334e+02
1.944297714042663756e+02
2.221948822975158748e+02
2.499557542991638286e+02
2.777118840408325582e+02
3.054627416610717887e+02
3.332077708053589049e+02
3.609464945983887105e+02
3.886783566856384482e+02
4.164028272056579567e+02
4.441193762969970749e+02
4.718275270843506064e+02
4.995267232131957940e+02
5.272164348220825332e+02
5.548961320495606060e+02
5.825653910064697811e+02
6.102235758590697969e+02
6.378702097320557414e+02
6.655047627639770553e+02
6.931267580795288268e+02
7.207356658172607240e+02
7.483309561157226426e+02
7.759121520996094432e+02
8.034787239074706804e+02
8.310301416778564771e+02
8.585659285354614667e+02
8.860855546188354310e+02
9.135884900665283794e+02
9.410743109893799101e+02
9.685425405120849973e+02
9.959925428009033794e+02
1.023423893966674882e+03
1.050836064147949173e+03
1.078228629455566534e+03
1.105601060028076290e+03
1.132952826004028339e+03
1.160283503494262732e+03
1.187592668609619295e+03
1.214879579544067383e+03
1.242144024353027362e+03
1.269385367202758744e+03
1.296603184204101581e+03
1.323797051467895471e+03
1.350966333160400382e+03
1.378110711364746066e+03
1.405229656219482422e+03
1.432322743835449273e+03
1.459389444351196289e+03
1.486429333877563522e+03
1.513441988525390798e+03
1.540426772460937627e+03
1.567383473739624151e+03
1.594311456527710106e+03
1.621210402908325250e+03
1.648079783020019704e+03
1.674919172973632840e+03